2.1345761118311826
1.9739117951068978
2.135655859182013
1.9111922993127581
1.1082706366796065
1.9854108393620007
1.797756876062948
2.105758669154068
2.011805795712329
1.7104928692129482
1.7264019255292953
1.6325324214270045
1.8797961049276104
1.8823481866387417
1.589472537635498
1.507308995849949
1.6182550888425604
1.9033702718379033
1.6739539023666794
1.4712177230902475
1.5750366566713296
1.7802377120682562
1.784175286927397
1.393596514351634
1.6203868067030702
1.5480610807456623
1.3527300595439349
1.3026128737499507
1.4310137141949895
1.3428515438505808
1.4533804962277106
1.3466538462969098
1.6602965638465799
1.4450128323140514
1.4504485521743649
1.4995070139253208
1.6165959494264184
1.2309847311268902
1.130369658669247
1.2299234200865525
1.4433226575552076
1.1504000371591436
1.4868900798658853
1.3386833441042416
1.0843708233545244
1.0711073301963008
1.500200282747389
1.0305733762468343
1.2216989164948286
1.4728661124775604
1.095619686788334
1.206827151793386
1.353401974757037
1.1802223042964926
1.119861024237538
1.2126914167491203
1.244905494835244
1.407523455262789
1.4215883984303637
1.105028888768305
1.3442654391320497
1.2077771745072288
1.2534456517020034
1.13715493992813
1.2875987116752208
1.0646811901136164
1.2386085048831261
1.2525193046329015
1.2737995828431004
1.053486706827536
1.3428705479980931
0.9091464625763189
1.2767005899733528
1.1843864699494608
1.0100877558866337
1.179475802011865
1.1915023665887587
1.0042982075343676
1.2363562856432093
1.107679530835345
1.2171649481587496
1.0488642695816555
1.2588488159735713
1.1139369234077647
0.9188260581337477
1.2384091162605986
1.0231963241961632
1.2612445167955224
1.029057814850537
1.103333631013546
0.8761711937652936
1.2772406303685087
1.0116264615919937
1.11719220621541
0.8871733465802174
1.2691238076037894
1.0647626037972011
0.9385617698323698
0.8449057679298293
0.8874328552592082
0.8270339679466084
0.7848306761479245
0.8076937079609974
1.152577325286719
1.0882995992359281
0.9794417116445566
0.8386672349629372
1.1465598681723028
0.9086073490072986
1.1425346304713622
0.8762867430423785
1.1824573870900719
0.9562095217327835
1.2258874515008937
1.2102972252029633
0.9489066985864677
0.8525992162741316
1.1003211891963294
0.9466943444005443
1.1534139605919331
0.9171467898362067
1.0521370604516016
1.1754006644295936
0.920821581823241
1.1762322700671088
0.9784132292946088
1.24226692456193
1.172921474034721
1.1307134115096107
1.038386026771326
0.9928568217185556
0.8800429253761326
0.8588000235467015
0.8691335515334595
1.2181955460494462
0.7797281814692657
0.8250511456091993
0.8350563376124306
1.0558654639393932
1.1316068148618694
1.2190495617739154
0.7881502022547506
1.0586554506108712
0.9452352760177265
1.1140021009491228
0.8931220474113586
0.8401921722247272
1.0783604435904923
1.033697945014827
0.9185568809886941
0.9691767451263713
1.0156829660078226
1.0399821459807232
1.0067499497146533
0.9846130349489164
1.0531230899892712
0.8765365574284545
0.8408927915609644
0.7739144827595197
1.0404494335147947
1.104120819656608
0.842103735607245
1.058904173408679
0.852047268186538
1.1784038477267917
1.194645843025408
0.9649782645364896
1.0209762483232883
1.191520977206824
1.019226737545369
1.0400559454751659
1.0347985773747992
0.7765495301684284
0.8743668953461194
0.9413707989229008
0.8847301422055853
0.9813204057748879
1.2419078464959517
1.1513390211381336
1.1280287491352416
1.083391680503535
0.9091063809644564
1.008140017060096
0.9460573039231355
0.9983303396874801
0.9859123280757284
0.9289328013982057
0.8403287239797184
0.9182814469946441
1.0387531438408124
1.1933131035240083
0.991844694949366
0.8796335824623407
1.0145747843517638
1.167935429719682
0.9485789741172649
1.2317506395114575
1.0679583587493082
1.1856775511795363
0.9880343854862939
0.9691960486795337
0.8678120474068178
1.0849463924143463
1.1291110246955145
0.8160800327945077
0.9370377410096136
0.9490114009501147
1.1922760902065859
1.2276502180297326
1.1581721316623215
0.8273765158831887
1.2328159811161954
0.8611158452305785
1.0649389703331267
0.9851167373146121
0.948966191474022
1.1414404945652745
0.7961393037401965
0.9325506958805705
1.0885258837632938
0.9454135442332662
0.9712019887035234
1.2456136167721605
1.0603571233957123
0.8987579814560488
1.1699887105087574
0.9174935280637907
0.8830258579225045
0.7936891276540631
1.1060144626350112
0.8112964840091195
1.047518983466935
0.7958233549382825
0.94331026488247
0.7730981706850408
1.0561230539395263
0.9296385734432198
1.0808065787820782
0.8589330628926886
1.0660996964273448
0.8861309391809733
0.8318079919732766
1.2496084616291614
0.7584756347233821
0.9854133901979172
1.0036224982309991
1.229971917401285
0.8899404432499709
1.0049262892115953
0.9978506767900059
0.8121469678366915
1.1146066080928416
1.2453375277836676
1.0032824742120405
1.0937826411894636
1.0101351990592535
0.976157327845596
1.0407942764772473
1.1231073619468852
0.7548653777445669
1.089438954945572
1.03654751105151
0.7950847978665212
1.1285492986618937
0.8631140935418327
0.8950029275513176
1.2451322919697914
0.7884601676141282
1.0606823667572898
0.9323064519150472
0.9600609189252449
1.2166706707699606
0.8341328644675096
1.1295883241645068
1.1052726431503785
1.2078801128410053
1.1101331269243793
0.9317128783758177
1.044688691179966
1.0959274234435592
1.091567660040531
0.8761654888472796
0.7728133991928392
0.996759822015272
0.9596098588232171
0.8234167355222494
0.8155445718344598
1.1614068013989127
0.8993275812477878
1.1128669004306486
0.9149957191960847
0.9479982177043722
0.7825679331744597
1.2422544386811678
1.2023096359550554
0.8299726531296188
1.1050979204592628
1.2381045760498353
0.968831145708803
0.9852876392720944
1.019546869670064
1.0108710962805305
0.8570932059973886
1.232125250904849
0.87249380866587
1.0923862166238947
1.0439343301357642
1.2137692442103498
0.9001276585577571
0.8327365208002526
0.9607166732691144
1.1702944730487022
0.8404432942908335
1.053049684835269
0.9850447491037259
0.8827059369700332
1.0911384448746275
1.2022252214421711
0.7957096139106792
1.0542781328983641
1.23191236264901
1.2119507747349416
1.0671211130392178
1.1685477623869847
1.1875601645095477
0.914335686136977
0.8167688906162175
1.0290220516123518
0.9091384594644139
0.9698964822015523
1.1562374698429836
1.1435596156144456
1.119942527734386
0.9529142838569704
1.146997847391317
1.0549636657582318
1.095908866694402
0.8666073447894607
1.2231639211406955
1.2125196944760257
0.9329355214326136
0.9131868504531648
0.8474386734706594
1.07961627547254
1.042664684056733
0.9918404020516345
1.1704817446540503
1.1004442923288151
0.8588849007512404
0.7593229444337457
0.9446026963921288
1.1121555030300116
1.0751879312892125
1.1837589097067398
0.9195668434060164
0.9722915639536748
0.7693345148352263
1.158330247267952
1.1858113328958138
0.8884341213991697
0.8569460588705458
1.00454929442073
1.0179108078804635
1.2424921452614581
1.176507946893833
0.9273914984094886
0.8759861443423211
0.8315310197881371
1.098662417155218
1.1447716349218129
0.9875258813431835
0.8358878478029115
1.0511527317618388
1.0019588762959628
0.9150531672750191
0.759274996328944
1.063398043092589
0.9203701910385871
1.0006579188163336
0.90950970053313
1.138843147631424
0.7699573308031178
0.7882800540179793
0.8576210416492009
1.2231931842558612
1.2039132539425956
0.9734411808850169
0.8922904466329789
0.9188903142462677
0.8945776055138959
0.963160053418022
1.0041786641350618
1.0251009226320198
1.1541846481147973
1.0668697329126147
0.9562846888544538
0.9131492147755653
0.9770413321681146
0.9439284453127111
0.7692684158546317
1.0910370956899125
1.14816511385987
1.0513379105266893
1.125499967388615
0.8065559219652818
0.8035288169370945
0.9579008210936573
0.7865982089009786
1.1111205954589516
1.1663267229421248
0.9522877286702698
0.9540330798634438
1.2232815817039109
1.194491125112802
0.9346738273441355
0.8241440067830959
1.0663377118218633
1.033255583343487
0.7539374669303545
0.75970909063329
0.8105589272933793
0.7862745578531781
0.9383367112573486
0.9189949959929384
0.85985010402535
0.8748874480384479
0.9734868114686316
0.9547455101113597
1.1841359994477592
1.048751687102509
0.8755569117637347
1.0867845260241389
0.9670654994608712
0.8601970008331957
1.130927999037798
1.0158666979090665
1.1185499971990773
0.9056095440700851
0.9032215585300741
0.9307762920838941
0.9591449179378008
0.9752901846047008
0.9430706547919951
0.919488695064713
1.028828716420808
0.9894915101585721
1.1089219119587128
0.9102177753631333
0.7585229961847246
1.0252926964304923
1.204905747644886
1.229127665904179
0.7918662125553786
0.9440728699002249
1.1588851327914533
0.8571710037466967
0.8037302409299797
1.0976925480844388
1.047194767933319
0.9588124991293361
0.8998264837716037
0.92700479658978
1.142942845753365
1.2284940493501535
0.8933071165361652
0.9458935392307921
1.0880481247845202
1.2460807837615238
1.1940005602772403
0.8485978974211694
0.8945226662103323
1.1906236181421261
0.8673352553158851
1.1831732704429168
1.2380153732909893
1.2322491092757513
0.820312147934343
0.916371835283655
0.9076081479403479
1.2431476653578246
0.9249035449362386
1.1058717194757821
0.7704897987659822
1.1148818727621297
0.9744694790467423
1.0647331002464138
0.9353796202075503
0.902763456021246
1.1638045122413334
0.7818558935398121
0.8413202769186836
1.1797958455822666
1.1984857293877949
1.1502410705404655
0.8872174244199362
0.902663364823978
0.9276118739921454
1.0883865591720698
1.1122086889283958
0.986048664970386
1.1500434626540477
0.9924382106512211
1.1901871434243918
0.7606365429882874
1.0751145579201977
1.1059127111034268
1.0501231888245615
0.7892246134885361
1.00049985973643
1.168899260887235
0.9198561136050802
1.245710347316759
1.2411065818901061
1.1252377694857008
0.988269216429016
0.9222000897331092
1.0905046035708077
0.7533353378323153
0.855099512283969
0.8397178965596135
0.9662032033291342
1.128928351872905
1.0772190059861613
0.7876711058954018
0.8902288526661655
1.1935477481361811
1.1290513016995223
1.182155920844838
1.072845236081455
0.9220634280568479
0.8211601230919661
1.2211972347290037
0.8759011761177571
0.762214726843568
1.016030177102344
0.963259405170356
1.0604984892918077
0.9305515050715043
1.1436729664426837
1.1578415045709116
0.8165853872013944
1.026437083179097
1.2456634318879165
0.8858209289716297
1.2218619924545868
0.8844675546315339
1.0912391898549045
1.231578298224283
0.9203040020303721
1.1392457292272644
0.9277446787719779
1.0409496144684907
1.1625810897405713
0.8841488668680388
0.76689092898649
1.1570517213723308
0.9077218633019726
0.8368900486855793
0.758536225020908
1.135605972200629
1.2434588911446915
1.1592747268579484
0.9938832485655282
1.1369518768228895
0.9829684075661862
0.8787085497373937
1.204844605995905
1.0482661810318545
0.9486618880398527
1.048812911361293
1.2393368459096292
1.1298549345112605
0.7567076075681752
0.9054522637120616
1.1488721801248496
1.2146499311939274
1.0675935092049855
1.2458539896260277
0.9895805356195437
1.2271672321187521
1.1465930531968498
0.8398716195852247
0.8139117440364964
1.2491427145013534
1.2274598722393644
1.0277370662887877
1.0316485182235497
0.8114607081959411
0.788401831442326
0.8986187542624666
0.766892338799943
0.7798113289164544
1.0137195404612465
1.10121366143835
0.998063448672025
1.0358405916586586
1.00092643684332
0.9315782802808704
0.9713688874121018
1.044751312575832
1.1357055209674711
1.0114935341778666
1.072015757047874
0.8550855206072334
0.8167672980988017
1.2427010422260318
0.7545491406328702
0.8942184342558357
0.7981161579199905
0.822622844235549
1.1852560663219065
1.0468291141341766
1.0987207799176966
0.943116932534177
1.1378850488408778
0.9143873274069465
0.9845652267818958
0.9885788854846957
0.9171485685465854
0.9358350980314807
1.0548450612423108
1.2169127975110532
1.0980848388202908
1.1181617343292576
1.0745638411667653
1.1941106929544387
0.890281661770521
0.8948328727178274
0.8151600944346538
0.8358561847308822
1.079782155904265
0.7888737626097261
0.9984429417343677
1.0496429339757607
0.8545628909913783
0.9393166269874655
1.1534171015063093
0.9870926131816352
0.8270346144983607
0.8809005120765666
1.0205703405942916
1.2163051105260478
1.1547974054366041
0.9049098458824751
0.8629903477213916
1.0638561914808657
1.021789963425678
0.8695635385010475
0.7540994130744676
1.0897048489231342
0.8571514524178805
1.1789930948552678
0.817835591073774
0.9200302029695782
0.8501875148441111
1.219825024119318
1.0337275848269991
0.9173142747035389
1.010398238326438
0.7965542142199277
0.9672434036950852
1.0636206456476112
0.8785261611070004
0.8139775159290539
1.106318408755582
1.1164154853793353
0.8965449591896517
0.8208371911478658
0.7589580286868478
0.9632070901558665
0.9283793361544689
1.1169468843761687
1.1217282627704828
1.1253875069727848
1.1487415382384958
1.2107776434418307
0.9879922431202186
1.2287486737723463
0.8261440316445421
1.2364558787215352
1.164010028890925
0.9934709064985028
1.2360125124441694
0.8355878199799431
1.2177994901494449
0.8070733511923447
1.0357483187242038
0.8418240570306075
0.9407936746473222
1.157573146548636
0.9095675623890795
0.9394651784163508
0.777102950311952
0.8451946989043739
1.0243178435414972
0.8352118158879284
0.8007092239631309
0.9141516095801616
1.181524226224505
1.0635507177501595
1.128522418382962
1.1203704329179631
0.9916962570005607
1.1370710044192294
1.016742257795026
0.799771159945065
0.9724185595649754
1.0849697216422864
0.881416387802022
1.0658005358994733
0.94421304828739
0.8981381412149212
1.0525100468070312
0.9768314857657998
1.0173274548711522
0.7789414264324637
0.8744597300219126
1.12902636099512
1.0069522136685591
0.9385672467366926
1.184936200298969
1.2136793966260078
1.2126258527469282
1.1822012257042498
1.0288965404777515
0.7900756710376111
1.223286649322532
0.9318810804343997
1.0739652617244702
0.8659382731819023
0.9480298559380644
1.0214397668111261
1.1536937318075686
0.8758463687964736
0.792214468438277
0.9495466100421057
1.0421799116477866
0.8517085263748767
1.0694857750106073
1.1116400180607648
0.9968130750917703
0.8884621516357902
0.8174782248753532
1.1629035002888666
1.0224625791314996
0.7980821830296045
1.1637830516024756
1.1432428871233937
1.0387144648322046
0.7570790760048879
0.9832506571787722
1.1763833385517353
1.02980112739697
1.0851429264852637
1.1651109001917184
1.0932684887189823
1.0911648612948543
1.073729348732911
0.9311056683411141
0.8126715292141911
0.9501026917683778
1.2094377607336135
0.9445018452094194
0.7956500604028223
1.2384522249544796
1.1576117334677158
1.154903737592907
1.1793865707427962
0.8977484195842882
1.0297747459350024
0.8675369225215774
0.9823540796634642
0.9665888507614362
1.0796697368086263
0.8127281151206001
0.847110647204558
0.9789603879723814
0.944862784529831
0.7567549599342827
0.7864674007206627
1.031873530396548
1.101743647231336
1.203991558052658
1.1388197216529188
0.8219237016119123
0.7836161477035442
0.9338413537555472
1.1942460060495805
1.0521322327490457
1.200577381742413
1.0433573447251852
0.9886872917160917
0.7505556824115741
0.8133570945824595
0.8899606046090558
1.2061494227541434
1.2095265360688148
1.0889413063179294
0.8969519588233308
0.9838779190363767
1.149184651199786
0.7940403145088231
0.8789324973387482
1.2360228548043897
1.2422199310327222
0.7621470641038997
1.1531808988939891
1.1326495704733524
0.9422063299447841
0.9920485990971339
1.0924476098335731
0.9533775281236945
1.1365552343215484
0.760600154867986
1.0134153536061423
1.2285163014881533
1.081237177202654
1.1164766891341684
0.9962729543041238
1.0131316548662963
0.8959118245635169
0.8786082324275128
1.0937576572454006
1.0182569465271714
1.1743209759880164
0.9349504023897666
0.8501539878206956
0.9178396580434882
0.8078349833353622
1.0165623699530566
0.9304532872129554
0.8583347015892825
0.757053445322076
0.8213058512470517
0.7584752385772291
1.000017524404126
0.8655790543816203
0.750952632474275
0.8506125220741083
0.8569917488778628
0.8617940579185859
0.8871704123894968
1.0479314710272263
1.032401027686941
1.0595103551338552
0.8290321600213755
0.9176504162930094
1.0056400008272552
1.0598874126965092
0.7582733600697449
0.760856250298424
0.9112516161046547
1.2400383707309124
1.111153135391202
0.7563155615127488
1.2471507958898522
1.0203155169764406
0.9057062747613361
0.8250147427952519
1.1021591936751576
1.2225216229928901
1.2321700966727274
1.1246094823834816
1.233799611620686
0.850855473574575
1.0456927898022415
1.004903673419781
0.9204505375231726
0.9805718627153404
0.977076387257968
1.0783285691010824
1.1740418184484755
0.7755160687473481
1.0615665232898999
1.0678211702532787
0.8830957722982354
0.752641673744927
0.9695973406263061
1.0741323122807844
1.0799982763150773
0.9938076464541739
1.1511939531004611
1.22121827625696
1.1703918277434493
1.130461158195256
0.7688622961551899
0.9602615543536478
1.018846330818605
0.9346476117903326
0.9934579146610899
0.9042602129403341
0.9916312669363223
1.0695905616550956
0.8230892278194797
1.2077941709401756
1.0014821121927797
1.1484723210625336
0.9322347326868143
1.2087245824736252
0.7816304279862943
1.1307741050940683
0.9156529522602002
1.1257671875344968
0.9036781053009673
1.2049386178808255
1.0278867416772868
1.0465831226128721
0.8880482137904913
1.0226662609619088
0.9830690904013895
0.9162680568305737
1.1715226670777963
1.0460217622579575
1.1230186851272705
0.9763325118502814
1.1968476951130809
0.845340649122333
0.8331398761424136
1.1305617017175567
1.1992784859982601
0.938830557757605
1.078238370894013
1.1887905270635053
0.9537894562221803
1.0182887838898376
0.8844620772386893
1.2112995894543177
1.1036612158612822
1.2130772713289537
0.7879617927371863
1.2405469896680892
0.9392599511641839
1.0491038738568035
1.1770931655017045
1.0348971538903613
1.012441684425979
0.854734161436502
1.1521258210009266
0.8502184918263487
0.8762994670831468
0.9410426445835987
1.1813040832141168
0.9478143938599609
0.8542457912958177
0.8435491753187997
1.2178386629214815
1.034186717221856
1.009334603770264
0.784667256002531
1.1109401720359622
0.8587675097376504
0.9137937161669526
0.7969612028075258
1.073857391716501
0.7597800432976785
1.112951394510878
0.8847529679535322
1.1110767239764257
0.8532969399327015
1.0465166316380223
0.9590476756269619
0.7714406983551897
1.0252482307371562
1.1044328184440046
0.8271380107006427
0.8792420974580677
0.8887295785376077
1.2393943972110577
1.0212733479794773
1.0748193077614008
0.7843607582120116
1.0425804162933212
0.8024772289759526
0.7842242980047129
1.0281657179700334
1.226170742312238
0.9936802852666033
0.8959704290664057
1.1604094185586102
0.8604292260667616
0.8469856798937676
1.046458128820215
0.7906601829638269
0.839034780818146
0.7907152993253883
1.0154772686913474
1.1224990707783666
0.8521749519807893
0.8605408795321208
0.8844427137364506
1.2465536913497577
0.7843470271388586
1.2407328346464785
0.7743421911325952
0.8728287767382037
1.1765531806877667
1.1084064328953225
1.1071458955783675
0.8979850974967518
1.2033035142674813
0.8648372698546631
0.8340578556133984
0.9899975230557823
0.9208529380196928
1.0782548737002187
0.9546501456548466
1.2068231442564337
0.7503228760720178
1.0783021376008646
0.7998892651064811
1.2420168312769366
1.113862196076702
0.8039949421848649
0.9529342038630332
0.765910363957489
1.173001188069788
0.8556021583093945
1.070142991607668
0.9031313214052674
0.8004705346434131
0.8489226937303036
0.8003564495244997
1.016912781931705
0.9787861898868027
1.0264012910177316
1.2004661740836329
1.0660979576047558
0.892869415106567
1.1275354750627073
0.9539341427413117
0.8600795776854027
0.9286180536454939
1.1226001443180382
0.939226995966872
1.0251483833208765
0.8035467996644006
0.8378774658080057
1.218809018433343
1.2167850911900822
1.1708936669268506
1.0970096311851742
1.0620763824074093
1.113665605082136
1.0779158697303461
1.2082608905132806
1.1531287483455126
0.8239682060328333
1.1901539317520957
0.817206665115091
0.8485795667277087
1.0695493756736418
0.795890613767047
0.8201685665030458
0.775129348368943
1.1487137385611215
1.2344947844304266
1.1741538680327963
0.9859446511718868
1.1189587754433485
1.0584839928078171
1.1940938560188512
1.1903131915681409
0.8105201783448427
1.0076608208444997
0.8121819744431442
0.7638678729711984
0.7799359460427755
0.9454245623232544
1.1643289771957714
1.1084769855397847
0.858882674869546
1.2477949542601454
0.8014011287770128
0.784987104771768
0.7860132686665879
0.9174320927339918
0.9235287772631837
1.1262550493585233
1.130858594988275
0.961969918590097
1.156583094680921
1.0191288750089171
1.1100026840040245
0.9647016638240383
0.7794433921050524
1.0134360664881308
1.118411202102719
1.0287527256953855
1.2235026935496625
1.1260843828053952
1.228050367495628
0.9336875818427718
0.8677538184988094
1.1924443440232815
1.224520685261992
1.2240978875675894
1.1559512663570821
0.8738270678620215
1.0245234685458842
1.1750657111521057
1.1673948830501755
1.1174504680829294
1.0865240314072337
0.8277783290042469
0.8061808230048264
1.0431785804061253
0.7631117925051434
1.1945676544036923
1.0831354539271287
0.9291166098243046
0.8367898239040389
1.2077319229430223
1.0540057187214011
1.157502709823667
1.1151100470070074
1.02559378359959
0.7504291569039665
1.1943497971861747
0.9456571875457209
1.1517440520090643
1.0732330997794834
1.1745602122804022
0.8396464521156228
0.8209792002364323
0.922555056862155
1.1945087918765287
0.8652593999117562
1.172849851989442
0.8553084382365659
1.1060272875171686
0.9292677111242638
0.8621116115781788
1.1539143705501294
0.8461308915952626
1.034405152231066
1.1632110333255246
0.808918903360127
1.1669345879103639
1.1601003213772627
0.7937900722667179
0.8187250210912518
0.9430578750764442
0.7645338224809378
0.8595326434057093
1.0083416757973267
0.8226187933212318
1.053428435613414
0.9560507860619476
0.860985227927909
1.0218768949897061
1.2332345893989656
1.052021796793035
1.0993420617125347
0.8237572590826223
1.1515039235728308
1.0354628957458674
1.006429801158995
1.2160926326836414
0.8371884089463002
0.7931285447199677
0.8192222159229476
0.9166432266006991
0.7541486834595628
1.2491569971178658
0.999024224988238
0.8165604688253751
1.1660308692585677
1.0924361482961973
1.0885416683109896
0.9491700153727382
0.9948290610048243
0.8104166215010805
0.9287222312333847
1.0895701135537672
1.0657795222612592
1.0089541088493124
1.181935608002643
0.8593146327461643
1.1269390045147496
0.924384173895944
0.8646976115003882
0.9042227103040952
0.8830938764223544
1.1798332058770327
0.9168387652604724
1.0690379611486687
1.232061269757681
1.1286813895307586
0.7980925739035918
1.2080028411944295
1.0113612836257366
1.219847208745076
0.9527482836077835
0.9852169893457094
0.8221307497540811
1.15189370881321
0.928665690185938
0.8320699544078798
1.2388299621563645
1.0104530737501398
1.0018490089724172
0.9385172006735584
1.129851941485188
0.8333332514163694
1.1126016951732458
0.9018751186083311
1.0000947462342302
0.7909178297278286
0.9846058447729074
0.8588103188385372
0.9230595490789175
1.0319367231477359
0.7895672257568136
1.0630642092769098
0.8062076949326998
1.2198116413011861
0.9732371001585329
1.0755776315368792
1.2173418178861444
0.8339862702431622
0.7609900906395217
1.2369887003411888
0.8275903297757263
0.9899879288403648
1.0341022497674706
1.0227036490170667
1.0973537303249334
0.9842278267028741
0.7718764513726599
1.0001324079192198
0.8389730493037506
1.2109202153587182
1.0725623360777998
0.8588539741591971
1.2113977132968463
1.209788163916024
0.9305862995397101
0.7904901632082693
1.1266006593873568
0.9340217088383109
1.1371659408724741
0.972110255745123
1.2055430612564089
1.1155280916096437
0.9861461091498848
0.8697673401457451
0.8028292554255145
1.0383134792634956
0.8125176069488595
1.1964491929680172
1.0373568935117619
1.1375599447603735
0.8190146895619417
0.8262149113842714
0.7943203309274633
0.7661706037372877
1.038700608863988
0.770136143674691
1.2378194194347025
0.850725020283968
1.1550590455126526
0.8833390857092444
1.1194344902551423
0.9135999294219377
1.0530931384099884
1.0459963540745212
1.0227307071903282
0.7971544941456048
1.219999414298837
1.0354799534673629
0.8379221768296935
1.230413300310592
0.8317431582735928
0.8769704911795269
1.0060954623519744
0.868228048317419
0.9619812204533204
1.0395684432301904
1.0174979930647272
1.0752804118253438
1.1410597468051629
0.9176708741729808
1.1569007535724107
1.1744732850047213
0.9296761962744424
1.2158881851260015
0.9103761287458579
0.9226301743522154
0.8409919511561259
1.1820341208392702
0.8648556139721882
0.7579081030145474
0.8036756593659158
1.176653450490325
1.125702014190517
1.2413209197601307
0.860499047981643
1.194046991235967
0.9064072643150046
0.8363010369063679
0.9745493298108775
0.9407483873576046
0.9653211071157206
1.216736966182678
1.2010886685829516
1.144943274502294
0.9298977819614458
1.0501090130716597
0.7899842602430567
1.1877726641598039
1.1463922949576968
1.0056030327752783
1.1513432718914243
1.0150356653756025
1.0749417989186745
1.0674073588963795
1.1773506208408422
1.237684961537923
0.7539686491863318
1.1765760242010048
1.2135803981380042
1.1871266603214266
0.8769927984936647
0.8634378436955394
0.9639895924741895
0.9084900369022785
0.9727980900983033
1.232643168037362
1.1548749125936477
0.9448980384542081
0.7995530138049634
0.8318973002522937
1.1958918853512708
1.0568435602427948
1.1096664112217
0.7510750039502545
0.7919113064300065
1.0073073552408351
1.1139057648048767
1.1833454440231528
0.9941092008340489
0.8785446514880383
1.1208518319093546
0.8153394908668476
0.9137209976551206
1.0191484199858116
1.215286247846875
0.9331843720041741
0.8917704779051676
0.7703957322718471
0.84228565988602
0.8442195875621261
1.050698551681255
0.8448113399452769
0.817504547945896
1.1910379604802808
1.1582898183854993
1.1566834486381836
0.8678860940466804
1.0314304260309828
1.2252171146540651
0.782754940991865
1.1109874070351529
1.178666180184671
0.7638887670528104
1.0988885974666047
1.1176457552056236
0.9625368250603763
1.223595182537944
1.0966498162445526
1.0137163639462534
1.2108425339250202
0.79250133871881
0.982892694381641
0.9957543221762624
1.2116651541950363
0.8825236914656822
1.0757333257376325
1.2303383603608036
1.136344259489772
1.0646310320767975
0.9695007242667109
1.133786256383843
1.1750981896059294
1.091990944982835
1.1704767120053283
1.1176957090723338
0.8032055689248057
1.2335405522202323
0.8697273196464386
0.7731764992975805
1.0004487457618587
0.9956954893245702
0.8495592602252846
1.0599101687398014
1.187661247025558
0.8772644289782103
0.8677413579465636
0.8928215365200064
1.23220663418892
0.801584408626278
0.969486054023128
0.9974319828298264
1.006495295746669
1.1202834835649154
1.1087598783299537
0.8033382353919114
1.147545004935056
0.8746728058821323
1.0927361171203152
1.0773889546712252
1.0147669816421647
0.9672758409993601
1.1421700173274871
1.0336685928411586
0.7549221932395838
0.8679838989570704
1.0084732740909208
1.2262773285880597
0.7591919926447364
0.9727430971909513
1.002509773347583
0.8809229122627842
1.0529411165536577
1.2483633586443261
0.9801740602961835
0.9446267905942154
1.2184609856022455
1.2435813730740328
1.1024973681667682
1.214409956845906
1.215289112829485
1.181585942780727
0.9755466749559556
0.8115095981747898
0.7515672746750659
1.1039568014762842
0.9616549538165945
1.1471181861358732
1.1696656842745232
1.2232902278535462
0.8498842240074178
0.9167863791132893
1.1457055931082922
1.2427765118872434
0.783987457048358
0.8078942784597303
1.1219664158478952
1.0258570729230276
0.9787743642363762
0.9943790342995403
0.8866142436326865
0.8845869242223833
0.8677653445283269
0.956855861041932
0.8772547596180679
1.1815757862924297
1.0522726471324657
1.1575698753835653
0.8655094408248023
1.1111848961672874
0.8243956615759285
1.0505117526346086
0.8335152107388404
0.7798895257850471
0.8202570025331808
1.109497571389421
0.7867749612946962
1.028070346716589
1.0462358284329643
1.1893568568455897
1.2023920896220899
0.7684630759591298
0.8662167121291617
1.1668772303269022
0.9365467818059945
1.088765574527189
0.8904868024921779
0.7953437580261564
0.9014519615201624
1.0800054547067435
1.0703474208173396
0.9347593641666847
0.8850739516243289
1.2436411341894433
0.9332444099681836
0.9989840245231028
1.133620427071431
0.7686864251853129
0.9215990819058586
0.9399973021410595
0.893751244350445
1.0675873951016577
1.2421257163289348
0.9644387040860845
0.8956908860948796
0.8405069304344852
1.0817356381869307
1.0629156464329397
0.753762622093052
0.8951113516179225
0.9545167270575239
0.8952199019645432
1.171736918454222
0.9077182121189873
1.0198785234846655
1.2215499924426025
0.9953456670888161
1.0528379239411665
1.012305066530226
1.1429443533678012
0.8063324091812138
1.1789406096767272
0.8212416845542221
1.001270976820066
1.0756188034453413
0.9909842943456599
1.1875046856708653
0.8915411790184974
1.1508686171859193
1.0180221990891314
0.9662940366747941
0.7656206644123266
1.2437997447604883
0.978642461344801
1.2088132293373155
0.9285058615309867
1.2037905553220902
0.9084874516949814
0.7623175072172412
0.8819016070970647
1.212956652976855
0.9874029011803519
0.8075697033346712
0.7619563467968135
0.8665740844027279
1.1499344589577114
0.8788979761996545
0.9487958770266569
1.1017193836656254
1.2026770546539454
0.9120714379871013
0.9208195338594414
0.7949220332315178
1.235153118420798
1.2006248093113783
0.9994031506692881
0.8259588890408938
1.2066294752308244
0.983334989343895
0.9785049252533454
1.1602819932537272
1.1239644198261673
1.2256510674817784
1.0137513029953578
0.7528241122304711
0.7777826943709062
0.7644180999052279
1.0382441609287791
0.906933934461986
1.1229772051412317
0.9138408233530073
1.0364382105670504
0.941485996649593
1.2230292107876586
1.0378147838381864
0.9358835256731919
0.773486006964296
1.1053430016955839
1.1247801105294848
1.2037310052623038
0.9771789537131423
0.8147961767876755
1.0174331383358761
0.9459952050480334
0.9153872178158595
1.0323586918158232
0.9566151883421168
0.8317788618886093
0.9809952463422371
0.8726369098658696
0.8183164627026657
0.9184827525552739
0.8796095466610737
1.1982199737960793
0.9839899438310458
0.8220311169397403
0.9244094742360606
0.8892430744200656
1.2421811653054693
0.9361454330622643
0.9355674863782293
0.7928971540558846
0.8625433938561109
0.9237936042176054
1.2385750118313217
1.1192185972600983
1.1417436872588604
1.1134032461464494
1.1652600154963666
0.9528378908612593
1.206997874697695
0.9147001068863885
0.9795587400381673
1.182338998540999
1.034768264133293
0.829927193889441
0.7965914850201274
1.0265302794242555
0.9834043928497784
0.9596768977313597
0.7981100950696554
0.9160188778000883
0.9129063613148378
1.033763985229674
0.7730736767199679
0.8521850204469177
0.9863685764992893
0.9179302604285312
0.951426152241626
1.1446867079671643
0.9771862249312724
0.93422933581944
0.8108424450415617
0.9611240574607309
0.9461784674410486
1.1872084283667228
0.9693210545063434
1.1015104242966798
1.1298858453659928
1.1992092540548032
0.9208734853559433
1.175259393058549
0.7777849428089738
1.2171906062273725
0.8271682354893193
0.7524092066371288
1.1482737565902246
1.238705834596726
1.1829582918162964
0.8230160083737622
0.8730657552961612
0.8240565974180126
1.1032828112867645
1.1983726064604583
1.0057635042615445
1.0000319810754492
1.210850658515528
1.0261447577831522
1.0331195549575987
1.168070412228186
1.2005893942759007
1.0691869135223537
1.121633496948094
1.1759042847764531
0.97279943483555
0.8324180799832628
1.239263514646832
0.7745809589897955
0.7555102839223938
1.065256226181178
0.979693689174827
1.1268010373303017
1.2458077828345775
1.0184817988587018
0.8244168992107069
0.8683159870281878
1.0260169957172784
0.8137926675381442
0.8631211043767787
1.1108820468333658
0.7782202452931088
0.7695470919673941
1.1919887075166513
0.7674785105723412
1.0424799852908007
0.8870697610347158
0.7812857973979515
0.8124425618454432
1.075276005932962
0.9935438994850294
0.9783768823736639
0.8579727910188596
1.0303448610357795
1.0814901833379411
0.863458019878494
1.1553706856409471
0.7848023619305986
0.7528537921882237
0.8124974906591892
1.2254628067907853
1.0899367477721793
0.9265021746307953
0.9270779838136962
1.1062405542671025
0.8303169088990154
1.00878928826192
0.9051159636152843
1.1069221771273037
1.106059406132632
1.0200527744396553
1.008940515707866
1.1275377383836924
0.9489966533569774
0.8547813410747916
1.2164434098572212
1.125554494030829
0.9667745403483743
0.9255094941937921
0.8069829148060748
1.1434990129966118
1.1015294154488438
1.063066905811958
1.1310212257347534
1.2194991381258866
1.1152381737638102
1.0103332588631662
0.8945681017365252
1.1042164070175726
1.1096945795936575
0.8367393470426548
1.2420316483843286
0.8772468280289938
1.149371639290997
0.7926707122928414
1.2268567856401749
0.9505943082312075
0.9191300746176092
0.8410113042150371
0.8002313270610983
0.9912517227440696
1.2368480159066422
1.05473909466581
0.8265648321687357
1.1300461516970697
0.824131181081152
0.8641790758320449
0.9256159806194497
1.215521188495029
1.2019598840720938
0.8093084067386989
1.1540796736170402
1.140116102448402
0.9761676220759122
1.1270560635113105
0.8294051113702894
1.0815557143687444
0.8269815321077856
1.0765614029381074
1.0144827533500091
0.8181805038638421
1.1501449641408465
1.2447511817738737
1.1499996820677052
1.1455861327530892
0.7549529901506177
1.0685871623321959
0.8523249333590612
0.9907958305901357
0.9835424638235208
1.0135379112866025
0.9840204879008876
1.2204501043357783
0.8918012632332121
1.1168810374898464
0.9874908306695283
0.9042726185606419
1.0739863273169914
1.0233209236814471
1.0847273464337104
1.09933825932382
0.795286683394772
1.1945313753008029
0.7638566490661383
0.9577609340115827
0.8603191976114495
1.0940280410340255
0.8542365571126792
1.0916185780616963
0.7925748143455256
0.8389653950700496
1.011692432397668
1.0889086962028545
1.1785008722080033
1.1360831461477656
1.1266041570661385
1.1084778014843994
0.7938757979202418
1.171966771949907
1.1134566351804593
0.9156842317053899
0.9841729496644083
1.0062162478873908
1.0660076149514617
1.2201578744550916
1.1601609472313374
0.7579082701117881
0.7947626594023252
0.8180895893404538
1.0969687163643045
0.7620208386080484
0.9683162664941766
0.8600774303712317
1.240153930252432
0.9818206106906986
1.0976935888390047
1.2347754293158018
1.0683346807691636
0.9963194499944625
1.1199349608341915
0.8997637608620233
0.9779170851739649
1.0611335456651751
1.0527033662701153
0.8112243458569711
0.9474218469859995
0.9759830708040356
0.8097358918107878
1.1600381963119772
1.2369110418354945
1.1703430484327157
0.9039235564656882
0.8938616508749084
1.0153556071075918
0.8620857421288979
1.0498170705445125
0.8518155555203686
1.0329726038070497
1.2257062407359969
1.2469272223865513
0.9621083795947767
1.2434412570244222
0.8168217519727281
1.1342685677306588
1.2105575861748332
0.8565335960110041
1.060343283775127
1.2072420300636786
1.243789810215343
0.830148599492063
0.8355000775465911
0.8403730983249016
0.9038925951195826
1.2159053779012474
0.8368945356156454
0.9552635147400184
0.8397024226714396
1.1609236174482687
0.7555901351041767
0.9931667591712616
0.7802718126379613
1.1830509965269413
1.1591357405767087
0.7519151369257826
0.983297095900505
0.7635494281444799
1.053017142709841
0.9633589944514058
1.1980692997669917
1.0989161024023775
0.8307729804947019
0.7600748363959127
1.2304891392532153
0.9593025799407948
1.0403804975955473
1.1845876572949186
1.085084835292747
0.9680833329897458
0.9993970965756416
0.9133596482576025
1.2273873206280355
1.0602493633449854
1.0497207689513754
1.0062195024886014
1.149103352925352
0.9891892791678889
1.2292612141608683
0.8637003344323524
1.1421820224490213
1.1413079339764283
0.9069637996952402
0.8015276864694515
0.7884123257429317
1.0755211062175845
1.2021044504310843
1.1124089425193222
1.1679236777876938
0.9047787420804925
0.9095964240917193
0.9422283109660908
0.8959435108565441
0.9344003181774772
1.2306959177879355
0.8444551949409853
0.8219842547745984
1.248293040415903
1.1135778519476687
1.0601305070087588
1.0416555296475676
0.8983870506232701
0.9201729360895464
1.1759302562133636
0.811683668477843
1.1774508248479871
0.7682522329460266
1.1306802766948643
1.2308304594810122
0.935025498485458
0.9856713607413212
0.9884059799034117
1.0966484982773457
0.9305032917453049
0.9564210125092383
0.8601020594482577
1.025505804178721
1.0658580434387719
1.1454755524327265
0.9041839085935691
0.9214922353677439
0.9711870487906087
0.8563117489302163
1.074258887967723
1.0495683176471806
0.9373370634805946
1.1589527576968104
0.9197185423883287
0.9828175902212073
1.158739956150534
1.1073745784312743
1.0429830014042976
0.9535398204044618
1.0957526258171864
1.1436583239767426
1.0914866128195082
0.9684282614819981
0.8615189138587431
0.8485562311839556
0.793435993354526
1.1222166538031713
1.0493027652998106
0.7980133545278976
0.8845314819485186
1.170810174702411
0.9196093718412683
1.164508640275434
0.7724850309809042
1.0194477759278713
1.1241525467741902
0.7718242597487912
0.7750194300719726
0.8829635061164349
1.0722192138024587
1.2400829890264158
1.0520149006374644
0.9692469223148554
1.2124336971764795
0.9214198621087779
1.0342189419931824
0.964615839969557
1.10949529885543
0.8299234547447791
1.0297802999256231
0.8817940469781818
1.0077819490737316
1.093027613040474
1.2483547818202336
1.1300630120163886
0.9121950996139182
1.2495477235705235
1.2152361446951345
0.9669334761047509
1.1326865694090729
1.2352022550758253
0.7520468494130335
0.9804245230007669
0.9093486454180206
0.8938401470015226
1.1553425994278093
1.0471792737776175
0.8122132105961241
1.0340834506692327
1.1735627316291988
0.7839934149900055
0.9037935466895616
1.069168694097132
1.1329262648678193
0.7998326819793538
0.8122330032676186
0.8152635716008481
0.8944146552932949
1.035590290608563
1.1457637943739827
0.7572228061979478
1.0277222810141442
1.0465773644410719
1.1702480963833524
1.138754802578577
0.9477551266701509
1.1088613589133263
0.7803268110335784
0.8314273528871342
1.0471220703733077
0.845822790846338
1.004142601878371
0.936013933640657
1.2066465825278994
0.921005467120271
0.7595941126560881
0.8736405004803787
0.8629548149883697
0.9799165825250555
1.2105600410874735
1.2459746560776035
1.212335982912153
0.8456863854655156
1.1704876907451411
1.2407675785006589
1.0181580053896209
1.1231433609873667
0.7525559982213307
1.1736712446115791
1.0433862759754267
1.0772914246675698
0.7605577625811353
0.9365685200777838
0.8383495624938757
0.7925670714376365
1.1930657194904764
0.9734412577679806
0.9339599925762891
0.8890361810449359
0.9778071510374687
1.0987888333475284
1.2272626027619924
1.2028761141384698
0.8658366893298203
